0000000000010000
0000000000000000
0000000100000000
0000000000000000
0000000000000000
0000000000000000
0000000000000000
0000000000000000
0000000000000000
0000000000000000
0000000000000000
0000000000000000
0000000000000000
0000000000000000
0000000000000000
0000000000000000
0011101000000000
0011101100000000
0011110000000000
1100000100000000
0000000000000101
1011000100000000
1011001000000000
1011100100000000
1011101000000000
1000000100000000
0000001000000000
1000000010000000
0000001000000001
1100101100000000
0000001000000001
1100110000000000
0000001000000000