0000000000010000
0000000000000000
0000000100000000
0000000000000000
0000000000000000
0000000000000000
0000000000000000
0000000000000000
0000000000000000
0000000000000000
0000000000000000
0000000000000000
0000000000000000
0000000000000000
0000000000000000
0000000000000000
0011100100000000
0011101000000000
0011101100000000
0011110000000000
0100001110100000
0100100110000000
1000110110000000
1001011010000000
1001101000100000
1010001000000000
0000000000000010
1010101000000000
0000000000000011
1000001010100000
0100110101000000